(2, 1) : 4.0
(2, 2) : 2.938814491311532
(2, 5) : 2.6176086960560863
(2, 6) : 2.9965710864160773
(3, 3) : 3.0
(4, 1) : 1.0
(4, 4) : 2.731447163413606
(4, 6) : 2.2567962060781084
(5, 1) : 2.586406866934817
(5, 2) : 3.492980911725403
(6, 2) : 2.0
(6, 3) : 3.527914297766801
(6, 4) : 2.976749786508657
(6, 6) : 3.615751335842811
(7, 1) : 2.9999999999999996
(7, 4) : 3.5305927543442337
(7, 5) : 3.676773656533325
(7, 6) : 3.4850361894039863
(8, 1) : 2.0
(8, 2) : 2.8871788381265406
(8, 3) : 2.5994655251259497
(8, 5) : 2.917498062249187
(9, 6) : 4.536889128793153
(10, 1) : 2.9999999999999996
(10, 4) : 2.469407245655766
(10, 5) : 2.3232263434666747
(10, 6) : 2.5149638105960146
(12, 4) : 3.9899940531343057
(12, 6) : 3.9899940531343057
